13  220.392	13  217.503
14  221.761	14  223.782
17  222.851	17  218.581
18  223.171	18  225.979
19  222.675	19  220.132
20  221.692	20  220.516
21  222.081	21  216.750
22  223.233	22  223.746
23  215.457	23  224.214
24  222.414	24  208.728
25  209.750	25  220.531
26  225.818	26  223.192
27  215.998	27  222.185
28  222.689	28  222.701
29  219.577	29  222.911
30  225.454	30  222.408
31  218.507	31  222.103
32  222.744	32  220.560
33  220.492	33  222.807
34  221.591	34  213.509
35  223.718	35  221.126
36  210.492	36  210.433
37  218.325	37  223.517
