13    9.193	13    9.785
14    8.904	14    8.644
17    9.143	17    9.368
18    9.309	18    9.224
19    9.958	19    9.930
20    9.490	20    9.719
21    9.150	21    9.119
22    8.238	22    8.904
23    9.672	23    9.538
24    9.406	24    9.585
25    8.755	25    9.561
26    8.890	26    9.348
27   10.160	27    9.665
28    8.944	28    9.442
29    9.318	29    9.241
30    9.403	30    9.832
31    9.995	31    9.698
32    9.318	32    9.381
33    9.293	33    7.959
34    9.221	34   10.000
35    9.289	35    9.180
36    9.380	36    8.674
37    9.444	37    8.688
